

d2 = 107.54;
d1 = 165.28;
d1 = 170.8445;

f2 = 200;
f1 = -40;
x2 = 5.5*6.5e-3;
% theta1 = 0;
x1 = 13/2;

% x2 = ((1-d2/f1)-d1/f2*(1-d2/f1)-d2/f2)*x1 + (d1*(1-d2/f)+d2)*theta1
% syms d2 d1 f2 f1 theta1 x1


[1,d2;0,1]*[1,0;-1/(f1),1]*[1,d1;0,1]*[1,0;-1/f2,1]*[x1;theta1]

((x2 - ((1-d2/f1)-d1/f2*(1-d2/f1)-d2/f2)*x1)/(d1*(1-d2/f1)+d2) )*206265